   0.00000000      0.785399973    
  0.100000001      0.781067669    
  0.200000003      0.768108428    
  0.300000012      0.746635973    
  0.400000006      0.716841877    
  0.500000000      0.678998232    
  0.600000024      0.633460820    
  0.699999988      0.580672204    
  0.800000012      0.521164119    
  0.900000036      0.455558062    
   1.00000000      0.384564012    
   1.10000002      0.308976054    
   1.20000005      0.229664788    
   1.30000007      0.147566244    
   1.39999998       6.36676028E-02
   1.50000000      -2.10099742E-02
   1.60000002     -0.105430350    
   1.70000005     -0.188562348    
   1.80000007     -0.269399375    
   1.89999998     -0.346977651    
   2.00000000     -0.420391977    
   2.10000014     -0.488808513    
   2.20000005     -0.551474154    
   2.29999995     -0.607722461    
   2.40000010     -0.656976402    
   2.50000000     -0.698748708    
   2.60000014     -0.732640147    
   2.70000005     -0.758336842    
   2.79999995     -0.775607049    
   2.90000010     -0.784298062    
   3.00000000     -0.784334004    
   3.10000014     -0.775714576    
   3.20000005     -0.758515000    
   3.29999995     -0.732887328    
   3.40000010     -0.699062705    
   3.50000000     -0.657354295    
   3.60000014     -0.608160555    
   3.70000005     -0.551968038    
   3.79999995     -0.489353001    
   3.90000010     -0.420981199    
   4.00000000     -0.347605020    
   4.09999990     -0.270057678    
   4.20000029     -0.189243793    
   4.30000019     -0.106126748    
   4.40000010      -2.17128526E-02
   4.50000000       6.29668385E-02
   4.59999990      0.146876156    
   4.70000029      0.228993729    
   4.80000019      0.308332026    
   4.90000010      0.383954525    
   5.00000000      0.454990029    
   5.09999990      0.520643771    
   5.20000029      0.580205083    
   5.30000019      0.633051693    
   5.40000010      0.678651154    
   5.50000000      0.716560185    
   5.59999990      0.746422291    
   5.70000029      0.767964661    
   5.80000019      0.780995071    
   5.90000010      0.785399199    
   6.00000000      0.781138718    
   6.09999990      0.768250644    
   6.20000029      0.746848106    
   6.30000019      0.717122018    
   6.40000010      0.679343820    
   6.50000000      0.633868515    
   6.59999990      0.581138015    
   6.70000029      0.521683216    
   6.80000019      0.456124961    
   6.90000010      0.385172486    
   7.00000000      0.309619188    
   7.09999990      0.230335072    
   7.20000029      0.148255706    
   7.30000019       6.43678829E-02
   7.40000010      -2.03074384E-02
   7.50000000     -0.104734160    
   7.59999990     -0.187880978    
   7.70000029     -0.268741012    
   7.80000019     -0.346350074    
   7.90000010     -0.419802397    
   8.00000000     -0.488263547    
   8.10000038     -0.550979733    
   8.19999981     -0.607283711    
   8.30000019     -0.656597733    
   8.40000057     -0.698433757    
   8.50000000     -0.732391894    
   8.60000038     -0.758157551    
   8.69999981     -0.775498331    
   8.80000019     -0.784260869    
   8.90000057     -0.784368694    
   9.00000000     -0.775820851    
   9.10000038     -0.758691907    
   9.19999981     -0.733133316    
   9.30000019     -0.699375510    
   9.40000057     -0.657730937    
   9.50000000     -0.608597398    
   9.60000038     -0.552460670    
   9.69999981     -0.489896297    
   9.80000019     -0.421569288    
   9.90000057     -0.348231316    
   10.0000000     -0.270714968    
   10.1000004     -0.189924330    
   10.1999998     -0.106822349    
   10.3000002      -2.24150494E-02
   10.4000006       6.22666404E-02
   10.5000000      0.146186516    
   10.6000004      0.228322983    
   10.6999998      0.307688177    
   10.8000002      0.383345097    
   10.9000006      0.454421937    
   11.0000000      0.520123303    
   11.1000004      0.579737782    
   11.1999998      0.632642329    
   11.3000002      0.678303778    
   11.4000006      0.716278076    
   11.5000000      0.746208072    
   11.6000004      0.767820239    
   11.6999998      0.780921757    
   11.8000002      0.785397649    
   11.9000006      0.781208932    
   12.0000000      0.768392026    
   12.1000004      0.747059405    
   12.1999998      0.717401326    
   12.3000002      0.679688513    
   12.4000006      0.634275377    
   12.5000000      0.581602991    
   12.6000004      0.522201538    
   12.6999998      0.456691116    
   12.8000002      0.385780245    
   12.9000006      0.310261667    
   13.0000000      0.231004760    
   13.1000004      0.148944616    
   13.1999998       6.50676787E-02
   13.3000002      -1.96052995E-02
   13.4000006     -0.104038268    
   13.5000000     -0.187199816    
   13.6000004     -0.268082768    
   13.6999998     -0.345722497    
   13.8000002     -0.419212759    
   13.9000006     -0.487718433    
   14.0000000     -0.550485015    
   14.1000004     -0.606844544    
   14.1999998     -0.656218588    
   14.3000002     -0.698118329    
   14.4000006     -0.732143164    
   14.5000000     -0.757977784    
   14.6000004     -0.775389075    
   14.6999998     -0.784223139    
   14.8000002     -0.784402788    
   14.9000006     -0.775926471    
   15.0000000     -0.758868158    
   15.1000004     -0.733378589    
   15.1999998     -0.699687541    
   15.3000002     -0.658106863    
   15.4000006     -0.609033525    
   15.5000000     -0.552952647    
   15.6000004     -0.490438968    
   15.6999998     -0.422156781    
   15.8000002     -0.348857075    
   15.9000006     -0.271371782    
   16.0000000     -0.190604448    
   16.1000004     -0.107517600    
   16.2000008      -2.31169667E-02
   16.3000011       6.15666509E-02
   16.3999996      0.145497009    
   16.5000000      0.227652311    
   16.6000004      0.307044357    
   16.7000008      0.382735610    
   16.8000011      0.453853726    
   16.8999996      0.519602656    
   17.0000000      0.579270184    
   17.1000004      0.632232606    
   17.2000008      0.677955985    
   17.3000011      0.715995550    
   17.3999996      0.745993376    
   17.5000000      0.767675400    
   17.6000004      0.780848026    
   17.7000008      0.785395622    
   17.8000011      0.781278610    
   17.8999996      0.768532872    
   18.0000000      0.747270167    
   18.1000004      0.717680097    
   18.2000008      0.680032730    
   18.3000011      0.634681702    
   18.3999996      0.582067430    
   18.5000000      0.522719383    
   18.6000004      0.457256824    
   18.7000008      0.386387587    
   18.8000011      0.310903728    
   18.8999996      0.231674075    
   19.0000000      0.149633214    
   19.1000004       6.57672137E-02
   19.2000008      -1.89033803E-02
   19.3000011     -0.103342555    
   19.3999996     -0.186518773    
   19.5000000     -0.267424613    
   19.6000004     -0.345095009    
   19.7000008     -0.418623149    
   19.8000011     -0.487173289    
   19.8999996     -0.549990237    
   20.0000000     -0.606405377    
   20.1000004     -0.655839384    
   20.2000008     -0.697802782    
   20.3000011     -0.731894255    
   20.3999996     -0.757797778    
   20.5000000     -0.775279582    
   20.6000004     -0.784185112    
   20.7000008     -0.784436524    
   20.8000011     -0.776031673    
   20.8999996     -0.759043932    
   21.0000000     -0.733623385    
   21.1000004     -0.699999154    
   21.2000008     -0.658482313    
   21.3000011     -0.609469175    
   21.3999996     -0.553444147    
   21.5000000     -0.490981191    
   21.6000004     -0.422743857    
   21.7000008     -0.349482447    
   21.8000011     -0.272028238    
   21.8999996     -0.191284254    
   22.0000000     -0.108212575    
   22.1000004      -2.38186568E-02
   22.2000008       6.08668365E-02
   22.3000011      0.144807622    
   22.3999996      0.226981714    
   22.5000000      0.306400537    
   22.6000004      0.382126093    
   22.7000008      0.453285456    
   22.8000011      0.519081831    
   22.8999996      0.578802407    
   23.0000000      0.631822646    
   23.1000004      0.677607894    
   23.2000008      0.715712667    
   23.3000011      0.745778322    
   23.3999996      0.767530084    
   23.5000000      0.780773759    
   23.6000004      0.785393059    
   23.7000008      0.781347811    
   23.8000011      0.768673182    
   23.8999996      0.747480333    
   24.0000000      0.717958272    
   24.1000004      0.680376291    
   24.2000008      0.635087430    
   24.3000011      0.582531273    
   24.3999996      0.523236573    
   24.5000000      0.457821906    
   24.6000004      0.386994362    
   24.7000008      0.311545312    
   24.8000011      0.232342973    
   24.8999996      0.150321439    
   25.0000000       6.64664432E-02
   25.1000004      -1.82016771E-02
   25.2000008     -0.102646977    
   25.3000011     -0.185837790    
   25.3999996     -0.266766429    
   25.5000000     -0.344467372    
   25.6000004     -0.418033302    
   25.7000008     -0.486627847    
   25.8000011     -0.549495101    
   25.8999996     -0.605965734    
   26.0000000     -0.655459642    
   26.1000004     -0.697486639    
   26.2000008     -0.731644690    
   26.3000011     -0.757617056    
   26.3999996     -0.775169373    
   26.5000000     -0.784146309    
   26.6000004     -0.784469545    
   26.7000008     -0.776136220    
   26.8000011     -0.759219050    
   26.8999996     -0.733867526    
   27.0000000     -0.700310051    
   27.1000004     -0.658857107    
   27.2000008     -0.609904230    
   27.3000011     -0.553935051    
   27.3999996     -0.491522819    
   27.5000000     -0.423330367    
   27.6000004     -0.350107312    
   27.7000008     -0.272684276    
   27.8000011     -0.191963702    
   27.8999996     -0.108907267    
   28.0000000      -2.45201346E-02
   28.1000004       6.01671562E-02
   28.2000008      0.144118279    
   28.3000011      0.226311058    
   28.3999996      0.305756569    
   28.5000000      0.381516337    
   28.6000004      0.452716827    
   28.7000008      0.518560648    
   28.8000011      0.578334212    
   28.8999996      0.631412208    
   29.0000000      0.677259326    
   29.1000004      0.715429306    
   29.2000008      0.745562792    
   29.3000011      0.767384291    
   29.3999996      0.780699015    
   29.5000000      0.785390019    
   29.6000004      0.781416476    
   29.7000008      0.768812954    
   29.8000011      0.747689962    
   29.8999996      0.718235850    
   30.0000000      0.680719316    
   30.1000004      0.635492563    
   30.2000008      0.582994580    
   30.3000011      0.523753285    
   30.3999996      0.458386540    
   30.5000000      0.387600690    
   30.6000004      0.312186480    
   30.7000008      0.233011514    
   30.8000011      0.151009381    
   30.8999996       6.71654642E-02
   31.0000000      -1.75001118E-02
   31.1000004     -0.101951458    
   31.2000008     -0.185156792    
   31.3000011     -0.266108125    
   31.3999996     -0.343839556    
   31.5000000     -0.417443216    
   31.6000004     -0.486082107    
   31.7000008     -0.548999608    
   31.8000011     -0.605525613    
   31.8999996     -0.655079424    
   32.0000000     -0.697170019    
   32.1000023     -0.731394589    
   32.2000008     -0.757435799    
   32.2999992     -0.775058568    
   32.4000015     -0.784106910    
   32.5000000     -0.784501910    
   32.6000023     -0.776240051    
   32.7000008     -0.759393454    
   32.7999992     -0.734110951    
   32.9000015     -0.700620294    
   33.0000000     -0.659231186    
   33.1000023     -0.610338569    
   33.2000008     -0.554425299    
   33.2999992     -0.492063850    
   33.4000015     -0.423916340    
   33.5000000     -0.350731671    
   33.6000023     -0.273339808    
   33.7000008     -0.192642704    
   33.7999992     -0.109601580    
   33.9000015      -2.52213106E-02
   34.0000000       5.94676994E-02
   34.1000023      0.143429086    
   34.2000008      0.225640476    
   34.2999992      0.305112600    
   34.4000015      0.380906522    
   34.5000000      0.452148080    
   34.6000023      0.518039227    
   34.7000008      0.577865660    
   34.7999992      0.631001353    
   34.9000015      0.676910222    
   35.0000000      0.715145290    
   35.1000023      0.745346487    
   35.2000008      0.767237663    
   35.2999992      0.780623317    
   35.4000015      0.785385966    
   35.5000000      0.781484067    
   35.6000023      0.768951595    
   35.7000008      0.747898519    
   35.7999992      0.718512416    
   35.9000015      0.681061268    
   36.0000000      0.635896683    
   36.1000023      0.583456874    
   36.2000008      0.524269044    
   36.2999992      0.458950281    
   36.4000015      0.388206214    
   36.5000000      0.312826902    
   36.6000023      0.233679384    
   36.7000008      0.151696742    
   36.7999992       6.78639933E-02
   36.9000015      -1.67989600E-02
   37.0000000     -0.101256259    
   37.1000023     -0.184476003    
   37.2000008     -0.265449941    
   37.2999992     -0.343211770    
   37.4000015     -0.416853070    
   37.5000000     -0.485536218    
   37.6000023     -0.548503876    
   37.7000008     -0.605085254    
   37.7999992     -0.654698849    
   37.9000015     -0.696852922    
   38.0000000     -0.731143951    
   38.1000023     -0.757253945    
   38.2000008     -0.774947047    
   38.2999992     -0.784066796    
   38.4000015     -0.784533501    
   38.5000000     -0.776343107    
   38.6000023     -0.759567022    
   38.7000008     -0.734353483    
   38.7999992     -0.700929582    
   38.9000015     -0.659604371    
   39.0000000     -0.610772014    
   39.1000023     -0.554914594    
   39.2000008     -0.492603958    
   39.2999992     -0.424501419    
   39.4000015     -0.351355165    
   39.5000000     -0.273994565    
   39.6000023     -0.193321005    
   39.7000008     -0.110295273    
   39.7999992      -2.59219483E-02
   39.9000015       5.87686934E-02
   40.0000000      0.142740265    
   40.1000023      0.224970192    
   40.2000008      0.304468870    
   40.2999992      0.380296856    
   40.4000015      0.451579422    
   40.5000000      0.517517805    
   40.6000023      0.577397048    
   40.7000008      0.630590379    
   40.7999992      0.676560938    
   40.9000015      0.714861035    
   41.0000000      0.745129943    
   41.1000023      0.767090797    
   41.2000008      0.780547440    
   41.2999992      0.785381675    
   41.4000015      0.781551421    
   41.5000000      0.769089997    
   41.6000023      0.748106718    
   41.7000008      0.718788564    
   41.7999992      0.681402862    
   41.9000015      0.636300445    
   42.0000000      0.583918810    
   42.1000023      0.524784446    
   42.2000008      0.459513634    
   42.2999992      0.388811350    
   42.4000015      0.313466966    
   42.5000000      0.234346896    
   42.6000023      0.152383760    
   42.7000008       6.85622022E-02
   42.7999992      -1.60980895E-02
   42.9000015     -0.100561298    
   43.0000000     -0.183795422    
   43.1000023     -0.264791936    
   43.2000008     -0.342584133    
   43.2999992     -0.416263014    
   43.4000015     -0.484990358    
   43.5000000     -0.548008144    
   43.6000023     -0.604644835    
   43.7000008     -0.654318154    
   43.7999992     -0.696535707    
   43.9000015     -0.730893195    
   44.0000000     -0.757071912    
   44.1000023     -0.774835408    
   44.2000008     -0.784026504    
   44.2999992     -0.784564853    
   44.4000015     -0.776445866    
   44.5000000     -0.759740293    
   44.6000023     -0.734595716    
   44.7000008     -0.701238573    
   44.7999992     -0.659977257    
   44.9000015     -0.611205161    
   45.0000000     -0.555403650    
   45.1000023     -0.493143827    
   45.2000008     -0.425086260    
   45.2999992     -0.351978451    
   45.4000015     -0.274649143    
   45.5000000     -0.193999141    
   45.6000023     -0.110988818    
   45.7000008      -2.66224667E-02
   45.7999992       5.80697730E-02
   45.9000015      0.142051473    
   46.0000000      0.224299878    
   46.1000023      0.303825021    
   46.2000008      0.379687011    
   46.2999992      0.451010525    
   46.4000015      0.516996145    
   46.5000000      0.576928139    
   46.6000023      0.630179107    
   46.7000008      0.676211357    
   46.7999992      0.714576483    
   46.9000015      0.744913042    
   47.0000000      0.766943455    
   47.1000023      0.780470967    
   47.2000008      0.785376787    
   47.2999992      0.781618178    
   47.4000015      0.769227803    
   47.5000000      0.748314321    
   47.6000023      0.719064116    
   47.7000008      0.681743801    
   47.7999992      0.636703551    
   47.9000015      0.584380090    
   48.0000000      0.525299132    
   48.1000023      0.460076332    
   48.2000008      0.389415860    
   48.2999992      0.314106464    
   48.4000015      0.235013917    
   48.5000000      0.153070360    
   48.6000023       6.92600682E-02
   48.7000008      -1.53974714E-02
   48.7999992      -9.98665094E-02
   48.9000015     -0.183114931    
   49.0000000     -0.264133930    
   49.1000023     -0.341956377    
   49.2000008     -0.415672749    
   49.2999992     -0.484444201    
   49.4000015     -0.547512054    
   49.5000000     -0.604203939    
   49.6000023     -0.653936982    
   49.7000008     -0.696217895    
   49.7999992     -0.730641782    
   49.9000015     -0.756889164    
